<?xml version="1.0"?>
<opencv_storage>

<!-- Monocular camera matrix -->
<mono_cam_matrix type_id="opencv-matrix">
  <rows>3</rows>
  <cols>3</cols>
  <dt>d</dt>
  <data>
    2.0093767637811659e+03 0. 6.2172968973045761e+02 0.
    2.0097579781539550e+03 3.4605641541287878e+02 0. 0. 1.</data></mono_cam_matrix>

<mono_cam_distcoeffs type_id="opencv-matrix">
  <rows>5</rows>
  <cols>1</cols>
  <dt>d</dt>
  <data>
    -2.6403407936305201e-01 -8.1246687465019096e-01 0. 0. 0.</data></mono_cam_distcoeffs>
</opencv_storage>
